# DFN nodes contained in each matrix (tet mesh) node's Voronoi cell
# num_matrix_nodes 70 num_dfn_nodes 2875
# matrix_id num_dfn_nodes dfn_id_1 dfn_id_2 ...
3 19 1 2 3 4 5 6 42 50 65 68 70 85 87 95 98 105 116 120 128
8 31 7 8 9 10 11 12 13 14 15 16 44 47 51 63 66 67 72 73 77 84 92 94 97 100 102 113 121 123 127 129 131
13 31 17 18 19 20 21 22 23 24 25 26 48 49 52 56 57 60 69 78 79 83 86 88 99 103 108 109 114 118 119 125 132
18 33 27 28 29 30 31 32 33 34 35 36 43 45 46 53 55 58 59 64 71 74 76 80 89 91 93 101 106 107 110 115 117 122 124
23 18 37 38 39 40 41 54 61 62 75 81 82 90 96 104 111 112 126 130
27 12 2238 2239 2240 2241 2242 2278 2282 2301 2306 2308 2320 2321
28 30 134 145 151 153 169 171 174 175 189 190 207 210 212 220 237 239 242 259 261 278 279 289 291 303 318 320 326 339 343 345
29 12 1600 1601 1602 1603 1604 1640 1644 1663 1668 1670 1682 1683
32 21 2243 2244 2245 2246 2247 2248 2249 2250 2251 2252 2279 2280 2285 2290 2296 2304 2305 2307 2310 2313 2317
33 49 133 144 146 150 156 158 162 163 166 176 183 187 192 195 199 201 211 214 218 221 225 231 234 236 243 247 251 255 263 264 270 271 272 276 286 287 296 297 300 309 310 312 313 321 330 331 337 338 344
34 21 1605 1606 1607 1608 1609 1610 1611 1612 1613 1614 1641 1642 1647 1652 1658 1666 1667 1669 1672 1675 1679
37 21 2253 2254 2255 2256 2257 2258 2259 2260 2261 2262 2284 2288 2289 2292 2294 2295 2300 2311 2315 2316 2323
38 54 139 143 147 148 149 155 165 170 173 177 180 181 184 193 202 204 205 206 213 224 226 229 233 235 238 240 245 252 254 257 266 267 268 269 273 290 292 295 298 299 301 304 314 317 319 322 329 332 333 346 347 349 350 354
39 21 1615 1616 1617 1618 1619 1620 1621 1622 1623 1624 1646 1650 1651 1654 1656 1657 1662 1673 1677 1678 1685
42 20 2263 2264 2265 2266 2267 2268 2269 2270 2271 2272 2281 2287 2293 2298 2299 2302 2303 2314 2318 2322
43 56 135 136 137 140 152 154 157 160 164 167 178 179 182 185 191 194 196 197 198 200 215 216 217 222 223 227 228 244 246 248 250 258 260 262 274 275 281 282 283 288 293 294 305 306 307 316 323 324 327 328 335 336 341 342 351 352
44 20 1625 1626 1627 1628 1629 1630 1631 1632 1633 1634 1643 1649 1655 1660 1661 1664 1665 1676 1680 1684
47 12 2273 2274 2275 2276 2277 2283 2286 2291 2297 2309 2312 2319
48 33 138 141 142 159 161 168 172 186 188 203 208 209 219 230 232 241 249 253 256 265 277 280 284 285 302 308 311 315 325 334 340 348 353
49 12 1635 1636 1637 1638 1639 1645 1648 1653 1659 1671 1674 1681
51 18 1470 1480 1485 1493 1500 1501 1518 1527 1530 1538 1548 1553 1559 1560 1561 1562 1563 1564
52 57 1230 1248 1250 1258 1259 1272 1281 1282 1283 1284 1285 1326 1328 1338 1346 1350 1363 1365 1372 1373 1385 1395 1399 1402 1416 1424 1429 1438 1441 1452 1456 1458 2331 2341 2342 2354 2365 2370 2376 2382 2387 2404 2409 2411 2434 2439 2440 2460 2463 2470 2476 2481 2484 2499 2503 2506 2510
53 57 356 368 371 381 389 391 401 411 416 422 430 432 448 449 450 451 452 453 493 501 513 528 531 533 534 551 561 565 575 1051 1057 1058 1061 1077 1078 1090 1094 1099 1105 1117 1122 1124 1126 1132 1134 1136 1154 1163 1168 1179 1187 1193 1199 1203 1214 1221 1225
54 59 821 829 833 835 847 850 856 858 876 877 879 880 899 903 908 911 916 929 935 941 944 948 949 950 951 952 994 998 1000 1002 1017 1029 1030 1036 1693 1703 1704 1716 1727 1732 1738 1744 1749 1766 1771 1773 1796 1801 1802 1822 1825 1832 1838 1843 1846 1861 1865 1868 1872
55 21 681 682 683 684 685 686 722 725 735 737 754 756 761 769 772 783 788 789 800 806 812
56 31 1471 1475 1477 1478 1483 1489 1502 1504 1505 1508 1509 1512 1517 1521 1532 1535 1536 1539 1542 1544 1556 1565 1566 1567 1568 1569 1570 1571 1572 1573 1574
57 96 1235 1240 1246 1249 1254 1255 1256 1257 1263 1267 1280 1286 1287 1288 1289 1290 1291 1292 1293 1294 1295 1324 1327 1330 1331 1332 1344 1351 1355 1356 1357 1358 1375 1377 1382 1383 1384 1387 1391 1406 1411 1412 1413 1419 1422 1425 1432 1440 1444 1445 1448 1449 1455 1460 2334 2336 2337 2339 2343 2344 2347 2357 2367 2368 2369 2372 2375 2386 2394 2395 2398 2399 2400 2401 2415 2420 2422 2427 2430 2431 2432 2438 2441 2454 2457 2458 2459 2466 2469 2479 2486 2489 2490 2493 2494 2511
58 100 355 357 360 362 366 373 377 384 387 390 397 398 407 408 409 414 417 419 434 438 441 442 445 446 454 455 456 457 458 459 460 461 462 463 494 499 500 503 504 509 510 517 524 526 530 535 541 543 550 555 556 557 563 570 578 579 583 1039 1043 1052 1053 1056 1064 1067 1072 1076 1081 1085 1088 1089 1101 1102 1109 1113 1118 1119 1120 1133 1143 1145 1152 1156 1158 1159 1161 1165 1177 1183 1185 1188 1189 1190 1195 1205 1211 1216 1218 1220 1224 1226
59 94 815 818 824 825 832 839 840 841 843 857 864 868 869 874 875 881 883 890 898 902 904 906 909 917 921 927 930 933 936 942 943 953 954 955 956 957 958 959 960 961 962 991 999 1005 1007 1008 1009 1014 1022 1027 1032 1035 1696 1698 1699 1701 1705 1706 1709 1719 1729 1730 1731 1734 1737 1748 1756 1757 1760 1761 1762 1763 1777 1782 1784 1789 1792 1793 1794 1800 1803 1816 1819 1820 1821 1828 1831 1841 1848 1851 1852 1855 1856 1873
60 30 687 688 689 690 691 692 693 694 695 696 726 731 739 741 742 743 747 752 764 767 768 774 779 782 787 793 801 804 807 810
61 33 1464 1476 1479 1482 1486 1490 1491 1494 1498 1510 1513 1514 1515 1519 1524 1526 1533 1537 1543 1546 1549 1551 1557 1575 1576 1577 1578 1579 1580 1581 1582 1583 1584
62 101 1231 1232 1234 1236 1241 1243 1251 1260 1264 1269 1273 1274 1276 1279 1296 1297 1298 1299 1300 1301 1302 1303 1304 1305 1333 1335 1340 1343 1347 1349 1359 1364 1366 1368 1376 1381 1386 1388 1390 1394 1400 1403 1404 1410 1415 1423 1427 1428 1431 1433 1434 1450 1453 1454 1457 1459 1461 2324 2326 2327 2330 2346 2349 2351 2355 2359 2361 2363 2366 2377 2380 2383 2384 2389 2392 2393 2402 2405 2414 2419 2423 2426 2433 2436 2444 2445 2450 2453 2455 2465 2467 2472 2473 2480 2482 2491 2495 2500 2502 2508 2509
63 95 361 364 370 374 376 378 383 385 392 399 400 403 404 405 421 423 427 428 431 433 435 439 464 465 466 467 468 469 470 471 472 473 496 498 502 508 514 519 520 527 529 536 539 545 548 549 558 559 568 569 572 574 577 1038 1041 1044 1050 1059 1062 1063 1069 1075 1079 1080 1084 1091 1095 1096 1106 1110 1115 1116 1123 1125 1130 1142 1144 1146 1148 1149 1155 1160 1172 1173 1174 1175 1176 1191 1196 1198 1204 1208 1210 1213 1223
64 96 816 820 822 826 827 836 842 846 851 852 854 855 865 871 873 882 884 885 887 894 897 901 905 912 915 919 923 928 938 946 947 963 964 965 966 967 968 969 970 971 972 989 990 1004 1006 1012 1013 1015 1019 1028 1033 1034 1686 1688 1689 1692 1708 1711 1713 1717 1721 1723 1725 1728 1739 1742 1745 1746 1751 1754 1755 1764 1767 1776 1781 1785 1788 1795 1798 1806 1807 1812 1815 1817 1827 1829 1834 1835 1842 1844 1853 1857 1862 1864 1870 1871
65 32 697 698 699 700 701 702 703 704 705 706 724 730 732 733 736 748 749 750 757 759 765 770 771 773 781 786 792 795 797 803 805 809
66 33 1466 1467 1468 1473 1474 1481 1484 1488 1495 1496 1499 1507 1511 1516 1520 1528 1531 1534 1540 1541 1545 1552 1555 1585 1586 1587 1588 1589 1590 1591 1592 1593 1594
67 102 1233 1237 1242 1244 1245 1253 1261 1266 1268 1270 1275 1277 1306 1307 1308 1309 1310 1311 1312 1313 1314 1315 1322 1323 1334 1336 1339 1342 1345 1352 1353 1354 1360 1367 1370 1374 1378 1379 1380 1393 1396 1401 1407 1408 1409 1414 1417 1426 1430 1435 1436 1437 1446 1447 1451 1462 2328 2329 2332 2333 2338 2340 2348 2356 2358 2360 2364 2371 2374 2378 2385 2390 2396 2397 2403 2407 2410 2413 2416 2424 2425 2428 2429 2437 2446 2447 2448 2451 2452 2456 2462 2464 2468 2475 2477 2483 2487 2488 2492 2496 2501 2505
68 103 359 365 367 372 375 382 386 388 395 396 402 410 415 424 425 426 429 437 444 447 474 475 476 477 478 479 480 481 482 483 491 495 497 506 507 511 512 515 521 523 525 532 542 544 547 552 553 554 560 564 571 576 580 581 582 1040 1045 1046 1048 1049 1060 1065 1066 1071 1074 1082 1083 1092 1093 1097 1100 1107 1108 1111 1112 1114 1127 1137 1138 1139 1141 1147 1151 1157 1162 1166 1167 1169 1170 1180 1181 1186 1192 1194 1197 1201 1206 1207 1212 1215 1217 1227 1228
69 99 813 814 819 828 830 834 838 844 848 853 859 862 866 867 870 878 889 891 892 893 900 910 914 918 920 922 924 931 934 937 939 940 973 974 975 976 977 978 979 980 981 982 992 993 995 997 1010 1016 1018 1020 1021 1025 1037 1690 1691 1694 1695 1700 1702 1710 1718 1720 1722 1726 1733 1736 1740 1747 1752 1758 1759 1765 1769 1772 1775 1778 1786 1787 1790 1791 1799 1808 1809 1810 1813 1814 1818 1824 1826 1830 1837 1839 1845 1849 1850 1854 1858 1863 1867
70 30 707 708 709 710 711 712 713 714 715 716 727 729 738 740 744 751 753 758 760 763 766 775 780 784 785 791 794 799 802 808
71 22 1463 1465 1469 1472 1487 1492 1497 1503 1506 1522 1523 1525 1529 1547 1550 1554 1558 1595 1596 1597 1598 1599
72 66 1229 1238 1239 1247 1252 1262 1265 1271 1278 1316 1317 1318 1319 1320 1321 1325 1329 1337 1341 1348 1361 1362 1369 1371 1389 1392 1397 1398 1405 1418 1420 1421 1439 1442 1443 2325 2335 2345 2350 2352 2353 2362 2373 2379 2381 2388 2391 2406 2408 2412 2417 2418 2421 2435 2442 2443 2449 2461 2471 2474 2478 2485 2497 2498 2504 2507
73 66 358 363 369 379 380 393 394 406 412 413 418 420 436 440 443 484 485 486 487 488 489 490 492 505 516 518 522 537 538 540 546 562 566 567 573 584 1042 1047 1054 1055 1068 1070 1073 1086 1087 1098 1103 1104 1121 1128 1129 1131 1135 1140 1150 1153 1164 1171 1178 1182 1184 1200 1202 1209 1219 1222
74 65 817 823 831 837 845 849 860 861 863 872 886 888 895 896 907 913 925 926 932 945 983 984 985 986 987 988 996 1001 1003 1011 1023 1024 1026 1031 1687 1697 1707 1712 1714 1715 1724 1735 1741 1743 1750 1753 1768 1770 1774 1779 1780 1783 1797 1804 1805 1811 1823 1833 1836 1840 1847 1859 1860 1866 1869
75 19 717 718 719 720 721 723 728 734 745 746 755 762 776 777 778 790 796 798 811
77 29 2525 2528 2535 2536 2554 2558 2563 2573 2588 2590 2593 2595 2616 2619 2626 2644 2647 2648 2656 2666 2674 2675 2682 2688 2704 2709 2710 2723 2731
78 13 586 594 595 608 611 620 633 639 640 641 642 643 644
79 29 1887 1890 1897 1898 1916 1920 1925 1935 1950 1952 1955 1957 1978 1981 1988 2006 2009 2010 2018 2028 2036 2037 2044 2050 2066 2071 2072 2085 2093
82 55 2513 2514 2518 2522 2524 2534 2538 2540 2544 2546 2547 2559 2565 2566 2568 2569 2574 2581 2586 2592 2594 2597 2600 2601 2606 2618 2620 2622 2623 2627 2630 2635 2637 2649 2650 2651 2655 2664 2668 2673 2677 2679 2684 2696 2697 2698 2703 2705 2707 2719 2724 2728 2729 2733 2734
83 24 588 589 590 601 607 612 614 618 621 622 626 632 637 645 646 647 648 649 650 651 652 653 654 655
84 55 1875 1876 1880 1884 1886 1896 1900 1902 1906 1908 1909 1921 1927 1928 1930 1931 1936 1943 1948 1954 1956 1959 1962 1963 1968 1980 1982 1984 1985 1989 1992 1997 1999 2011 2012 2013 2017 2026 2030 2035 2039 2041 2046 2058 2059 2060 2065 2067 2069 2081 2086 2090 2091 2095 2096
87 52 2515 2519 2526 2533 2537 2541 2543 2548 2555 2560 2564 2567 2571 2576 2580 2584 2587 2589 2591 2602 2603 2607 2613 2615 2624 2625 2628 2636 2639 2640 2646 2654 2659 2662 2663 2665 2670 2676 2678 2685 2687 2692 2694 2701 2702 2706 2708 2714 2721 2727 2730 2732
88 23 591 592 593 596 598 602 604 610 623 624 625 628 629 631 656 657 658 659 660 661 662 663 664
89 52 1877 1881 1888 1895 1899 1903 1905 1910 1917 1922 1926 1929 1933 1938 1942 1946 1949 1951 1953 1964 1965 1969 1975 1977 1986 1987 1990 1998 2001 2002 2008 2016 2021 2024 2025 2027 2032 2038 2040 2047 2049 2054 2056 2063 2064 2068 2070 2076 2083 2089 2092 2094
92 55 2512 2516 2517 2520 2523 2529 2532 2542 2545 2551 2552 2553 2556 2557 2575 2577 2578 2579 2583 2585 2596 2604 2605 2608 2610 2611 2612 2614 2631 2632 2633 2634 2641 2642 2645 2653 2657 2658 2660 2669 2672 2680 2681 2686 2689 2693 2695 2699 2700 2712 2713 2717 2718 2722 2726
93 22 585 587 605 606 613 615 616 617 619 635 636 665 666 667 668 669 670 671 672 673 674 675
94 55 1874 1878 1879 1882 1885 1891 1894 1904 1907 1913 1914 1915 1918 1919 1937 1939 1940 1941 1945 1947 1958 1966 1967 1970 1972 1973 1974 1976 1993 1994 1995 1996 2003 2004 2007 2015 2019 2020 2022 2031 2034 2042 2043 2048 2051 2055 2057 2061 2062 2074 2075 2079 2080 2084 2088
97 32 2521 2527 2530 2531 2539 2549 2550 2561 2562 2570 2572 2582 2598 2599 2609 2617 2621 2629 2638 2643 2652 2661 2667 2671 2683 2690 2691 2711 2715 2716 2720 2725
98 14 597 599 600 603 609 627 630 634 638 676 677 678 679 680
99 32 1883 1889 1892 1893 1901 1911 1912 1923 1924 1932 1934 1944 1960 1961 1971 1979 1983 1991 2000 2005 2014 2023 2029 2033 2045 2052 2053 2073 2077 2078 2082 2087
102 19 2739 2742 2754 2755 2775 2777 2785 2798 2804 2807 2816 2829 2832 2835 2836 2837 2838 2839 2840
104 19 2101 2104 2116 2117 2137 2139 2147 2160 2166 2169 2178 2191 2194 2197 2198 2199 2200 2201 2202
107 33 2735 2748 2751 2756 2760 2761 2763 2766 2774 2780 2781 2782 2789 2791 2794 2799 2806 2808 2810 2819 2821 2828 2831 2841 2842 2843 2844 2845 2846 2847 2848 2849 2850
109 33 2097 2110 2113 2118 2122 2123 2125 2128 2136 2142 2143 2144 2151 2153 2156 2161 2168 2170 2172 2181 2183 2190 2193 2203 2204 2205 2206 2207 2208 2209 2210 2211 2212
112 34 2736 2737 2740 2746 2757 2759 2762 2764 2765 2768 2772 2787 2788 2790 2792 2795 2802 2813 2814 2818 2820 2822 2825 2827 2851 2852 2853 2854 2855 2856 2857 2858 2859 2860
114 34 2098 2099 2102 2108 2119 2121 2124 2126 2127 2130 2134 2149 2150 2152 2154 2157 2164 2175 2176 2180 2182 2184 2187 2189 2213 2214 2215 2216 2217 2218 2219 2220 2221 2222
117 34 2743 2744 2745 2747 2750 2752 2767 2770 2773 2776 2779 2784 2786 2796 2797 2800 2801 2809 2811 2817 2824 2826 2830 2833 2861 2862 2863 2864 2865 2866 2867 2868 2869 2870
119 34 2105 2106 2107 2109 2112 2114 2129 2132 2135 2138 2141 2146 2148 2158 2159 2162 2163 2171 2173 2179 2186 2188 2192 2195 2223 2224 2225 2226 2227 2228 2229 2230 2231 2232
122 21 2738 2741 2749 2753 2758 2769 2771 2778 2783 2793 2803 2805 2812 2815 2823 2834 2871 2872 2873 2874 2875
124 21 2100 2103 2111 2115 2120 2131 2133 2140 2145 2155 2165 2167 2174 2177 2185 2196 2233 2234 2235 2236 2237
