         0          0          1          0          0
00001  1
cv_id, integer 
    3
    3
    3
    3
    3
    3
    8
    8
    8
    8
    8
    8
    8
    8
    8
    8
   13
   13
   13
   13
   13
   13
   13
   13
   13
   13
   18
   18
   18
   18
   18
   18
   18
   18
   18
   18
   23
   23
   23
   23
   23
    3
   18
    8
   18
   18
    8
   13
   13
    3
    8
   13
   18
   23
   18
   13
   13
   18
   18
   13
   23
   23
    8
   18
    3
    8
    8
    3
   13
    3
   18
    8
    8
   18
   23
   18
    8
   13
   13
   18
   23
   23
   13
    8
    3
   13
    3
   13
   18
   23
   18
    8
   18
    8
    3
   23
    8
    3
   13
    8
   18
    8
   13
   23
    3
   18
   18
   13
   13
   18
   23
   23
    8
   13
   18
    3
   18
   13
   13
    3
    8
   18
    8
   18
   13
   23
    8
    3
    8
   23
    8
   13
   33
   28
   43
   43
   43
   48
   38
   43
   48
   48
   38
   33
   28
   33
   38
   38
   38
   33
   28
   43
   28
   43
   38
   33
   43
   33
   48
   43
   48
   33
   33
   43
   38
   33
   43
   48
   28
   38
   28
   48
   38
   28
   28
   33
   38
   43
   43
   38
   38
   43
   33
   38
   43
   48
   33
   48
   28
   28
   43
   33
   38
   43
   33
   43
   43
   43
   33
   43
   33
   38
   48
   38
   38
   38
   28
   48
   48
   28
   33
   28
   38
   33
   43
   43
   43
   33
   48
   28
   33
   43
   43
   38
   33
   38
   43
   43
   38
   48
   33
   48
   38
   33
   38
   33
   28
   38
   28
   38
   48
   28
   33
   43
   38
   43
   33
   43
   48
   43
   33
   38
   48
   38
   33
   48
   38
   43
   28
   43
   28
   43
   33
   33
   48
   38
   38
   38
   38
   33
   33
   33
   38
   43
   43
   33
   48
   28
   28
   48
   43
   43
   43
   48
   48
   33
   33
   43
   28
   38
   28
   38
   43
   43
   38
   33
   33
   38
   38
   33
   38
   48
   28
   38
   43
   43
   43
   48
   33
   33
   48
   33
   33
   38
   48
   43
   38
   28
   38
   28
   33
   38
   43
   43
   48
   28
   43
   43
   38
   33
   33
   38
   38
   48
   43
   43
   33
   33
   28
   48
   43
   43
   28
   33
   28
   38
   38
   48
   38
   38
   43
   43
   48
   38
   58
   53
   58
   73
   68
   58
   63
   58
   73
   63
   68
   58
   68
   53
   73
   63
   53
   68
   58
   63
   68
   63
   58
   63
   73
   73
   53
   68
   63
   58
   63
   68
   58
   68
   53
   58
   53
   63
   73
   73
   68
   68
   58
   58
   63
   63
   53
   68
   63
   63
   63
   73
   58
   58
   58
   68
   53
   73
   73
   58
   68
   53
   58
   73
   58
   73
   63
   53
   63
   68
   68
   68
   63
   63
   68
   53
   63
   53
   63
   58
   63
   73
   68
   58
   63
   73
   58
   58
   73
   68
   58
   58
   68
   53
   53
   53
   53
   53
   53
   58
   58
   58
   58
   58
   58
   58
   58
   58
   58
   63
   63
   63
   63
   63
   63
   63
   63
   63
   63
   68
   68
   68
   68
   68
   68
   68
   68
   68
   68
   73
   73
   73
   73
   73
   73
   73
   68
   73
   53
   58
   68
   63
   68
   63
   58
   58
   53
   63
   58
   58
   73
   68
   68
   63
   58
   58
   68
   68
   53
   63
   68
   73
   58
   73
   63
   63
   68
   73
   68
   58
   68
   58
   63
   53
   63
   58
   53
   68
   53
   53
   58
   63
   73
   73
   63
   73
   58
   68
   58
   68
   63
   73
   68
   63
   63
   58
   53
   68
   68
   68
   58
   58
   58
   63
   63
   68
   53
   73
   58
   68
   53
   73
   73
   63
   63
   58
   68
   63
   73
   63
   53
   68
   63
   58
   58
   68
   68
   68
   58
   73
   93
   78
   93
   83
   83
   83
   88
   88
   88
   78
   78
   88
   98
   88
   98
   98
   83
   88
   98
   88
   93
   93
   83
   78
   98
   88
   78
   83
   93
   83
   93
   93
   93
   83
   93
   78
   83
   83
   88
   88
   88
   83
   98
   88
   88
   98
   88
   83
   78
   98
   93
   93
   83
   98
   78
   78
   78
   78
   78
   78
   83
   83
   83
   83
   83
   83
   83
   83
   83
   83
   83
   88
   88
   88
   88
   88
   88
   88
   88
   88
   93
   93
   93
   93
   93
   93
   93
   93
   93
   93
   93
   98
   98
   98
   98
   98
   55
   55
   55
   55
   55
   55
   60
   60
   60
   60
   60
   60
   60
   60
   60
   60
   65
   65
   65
   65
   65
   65
   65
   65
   65
   65
   70
   70
   70
   70
   70
   70
   70
   70
   70
   70
   75
   75
   75
   75
   75
   55
   75
   65
   55
   60
   70
   75
   70
   65
   60
   65
   65
   75
   55
   65
   55
   70
   60
   70
   60
   60
   60
   70
   75
   75
   60
   65
   65
   65
   70
   60
   70
   55
   75
   55
   65
   70
   65
   70
   55
   75
   70
   60
   65
   70
   60
   60
   55
   65
   65
   55
   65
   60
   70
   75
   75
   75
   60
   70
   65
   60
   55
   70
   70
   65
   60
   55
   55
   75
   70
   65
   60
   70
   65
   75
   65
   75
   70
   55
   60
   70
   65
   60
   65
   55
   60
   70
   65
   60
   75
   55
   69
   69
   59
   64
   74
   59
   69
   64
   54
   64
   74
   59
   59
   64
   64
   69
   54
   69
   74
   59
   54
   69
   54
   64
   74
   69
   59
   59
   59
   64
   59
   69
   74
   64
   54
   69
   74
   54
   64
   64
   69
   64
   64
   54
   59
   54
   69
   74
   74
   69
   74
   59
   64
   69
   69
   59
   59
   69
   64
   74
   64
   59
   59
   54
   54
   69
   54
   54
   59
   64
   59
   64
   64
   74
   64
   74
   69
   59
   69
   69
   69
   64
   74
   74
   64
   59
   54
   69
   64
   59
   54
   59
   64
   59
   74
   54
   59
   69
   54
   64
   74
   69
   64
   54
   59
   69
   64
   69
   59
   69
   64
   69
   74
   74
   59
   64
   54
   59
   69
   74
   59
   69
   54
   59
   69
   64
   69
   69
   54
   59
   59
   54
   74
   64
   64
   54
   54
   54
   54
   54
   59
   59
   59
   59
   59
   59
   59
   59
   59
   59
   64
   64
   64
   64
   64
   64
   64
   64
   64
   64
   69
   69
   69
   69
   69
   69
   69
   69
   69
   69
   74
   74
   74
   74
   74
   74
   64
   64
   59
   69
   69
   54
   69
   74
   69
   54
   59
   54
   74
   54
   74
   64
   59
   64
   59
   59
   59
   69
   74
   64
   64
   59
   64
   69
   54
   69
   64
   69
   69
   59
   74
   74
   69
   74
   59
   64
   54
   54
   74
   59
   64
   64
   59
   54
   69
   63
   58
   68
   63
   73
   58
   63
   68
   68
   73
   68
   68
   63
   53
   58
   58
   73
   73
   58
   53
   53
   63
   68
   53
   63
   63
   58
   68
   68
   58
   73
   63
   73
   68
   58
   73
   68
   63
   58
   53
   53
   63
   63
   58
   68
   68
   63
   58
   73
   73
   58
   58
   53
   63
   68
   68
   53
   63
   63
   68
   73
   53
   68
   58
   58
   73
   73
   53
   63
   68
   68
   58
   63
   68
   68
   58
   68
   63
   63
   53
   58
   58
   58
   73
   53
   63
   53
   63
   53
   68
   73
   73
   63
   73
   53
   58
   53
   73
   53
   68
   68
   68
   73
   68
   63
   58
   63
   58
   63
   68
   63
   63
   73
   68
   58
   73
   53
   63
   58
   68
   58
   58
   63
   58
   68
   53
   73
   58
   68
   68
   53
   68
   68
   73
   63
   63
   63
   63
   63
   58
   73
   53
   68
   68
   73
   58
   73
   58
   68
   53
   58
   58
   58
   63
   68
   53
   68
   58
   63
   68
   63
   53
   73
   68
   73
   53
   63
   58
   68
   68
   63
   73
   63
   58
   68
   63
   53
   68
   58
   68
   58
   73
   58
   53
   73
   63
   58
   53
   58
   68
   68
   72
   52
   62
   62
   67
   62
   57
   62
   67
   72
   72
   57
   62
   67
   62
   67
   67
   57
   72
   52
   57
   52
   62
   72
   67
   57
   57
   57
   57
   52
   52
   62
   67
   72
   57
   62
   72
   67
   57
   67
   62
   67
   72
   52
   62
   62
   67
   62
   67
   72
   62
   57
   52
   52
   52
   52
   52
   57
   57
   57
   57
   57
   57
   57
   57
   57
   57
   62
   62
   62
   62
   62
   62
   62
   62
   62
   62
   67
   67
   67
   67
   67
   67
   67
   67
   67
   67
   72
   72
   72
   72
   72
   72
   67
   67
   57
   72
   52
   57
   52
   72
   57
   57
   57
   62
   67
   62
   67
   72
   52
   67
   62
   72
   67
   62
   57
   67
   52
   62
   72
   62
   52
   57
   67
   67
   67
   57
   57
   57
   57
   62
   67
   72
   72
   52
   62
   52
   62
   67
   62
   72
   67
   72
   52
   52
   67
   57
   62
   57
   67
   67
   67
   62
   57
   57
   57
   52
   62
   57
   62
   72
   62
   57
   72
   67
   62
   52
   67
   72
   72
   52
   62
   67
   52
   62
   62
   72
   57
   67
   67
   67
   62
   57
   57
   57
   67
   62
   52
   67
   72
   57
   72
   72
   57
   62
   52
   57
   67
   62
   62
   52
   67
   62
   57
   62
   62
   67
   67
   67
   52
   72
   57
   52
   72
   72
   57
   57
   67
   67
   57
   57
   62
   67
   52
   62
   62
   57
   52
   62
   52
   62
   57
   62
   67
   71
   61
   71
   66
   66
   66
   71
   51
   56
   71
   66
   66
   56
   61
   56
   56
   61
   51
   66
   61
   56
   66
   51
   61
   71
   66
   56
   61
   61
   71
   51
   61
   66
   66
   71
   61
   66
   51
   51
   56
   71
   56
   56
   71
   66
   56
   56
   61
   66
   56
   61
   61
   61
   66
   56
   51
   61
   66
   56
   71
   71
   61
   71
   61
   51
   66
   71
   51
   66
   56
   61
   66
   56
   56
   61
   51
   56
   66
   66
   56
   61
   56
   66
   61
   71
   51
   61
   71
   61
   66
   51
   71
   66
   56
   61
   71
   51
   51
   51
   51
   51
   51
   56
   56
   56
   56
   56
   56
   56
   56
   56
   56
   61
   61
   61
   61
   61
   61
   61
   61
   61
   61
   66
   66
   66
   66
   66
   66
   66
   66
   66
   66
   71
   71
   71
   71
   71
   29
   29
   29
   29
   29
   34
   34
   34
   34
   34
   34
   34
   34
   34
   34
   39
   39
   39
   39
   39
   39
   39
   39
   39
   39
   44
   44
   44
   44
   44
   44
   44
   44
   44
   44
   49
   49
   49
   49
   49
   29
   34
   34
   44
   29
   49
   39
   34
   49
   44
   39
   39
   34
   49
   39
   44
   39
   39
   34
   49
   44
   44
   39
   29
   44
   44
   34
   34
   29
   34
   29
   49
   34
   39
   49
   34
   44
   39
   39
   34
   44
   49
   29
   29
   44
   39
   64
   74
   64
   64
   69
   69
   64
   54
   69
   69
   59
   74
   59
   59
   69
   59
   69
   54
   54
   59
   59
   74
   64
   59
   69
   64
   74
   64
   74
   74
   54
   64
   69
   59
   69
   64
   69
   64
   74
   64
   69
   54
   64
   59
   59
   59
   54
   69
   59
   74
   69
   59
   54
   64
   69
   74
   64
   74
   54
   64
   64
   69
   59
   54
   74
   64
   69
   74
   64
   64
   59
   59
   69
   69
   59
   59
   59
   59
   64
   69
   54
   64
   74
   69
   74
   54
   69
   54
   74
   69
   64
   59
   69
   74
   74
   64
   59
   74
   59
   64
   69
   69
   64
   59
   69
   69
   59
   59
   59
   64
   54
   74
   64
   69
   59
   54
   54
   59
   74
   74
   64
   64
   69
   69
   69
   74
   64
   69
   69
   64
   59
   64
   69
   59
   59
   59
   54
   74
   69
   54
   69
   64
   59
   64
   69
   59
   54
   74
   64
   64
   74
   69
   54
   69
   74
   59
   64
   54
   64
   69
   54
   74
   59
   69
   69
   59
   59
   64
   69
   59
   59
   64
   69
   74
   74
   54
   64
   69
   64
   54
   74
   69
   54
   74
   64
   64
   54
   59
   94
   84
   84
   89
   94
   94
   84
   89
   94
   99
   84
   94
   84
   79
   89
   99
   79
   94
   99
   99
   94
   89
   84
   79
   79
   89
   84
   99
   84
   89
   94
   89
   84
   94
   84
   84
   89
   99
   99
   94
   94
   94
   79
   89
   94
   94
   79
   84
   89
   99
   99
   79
   89
   84
   84
   89
   84
   84
   99
   89
   99
   79
   84
   94
   89
   94
   94
   94
   89
   84
   99
   94
   89
   94
   84
   89
   79
   89
   79
   89
   84
   79
   84
   79
   94
   84
   99
   99
   84
   84
   89
   89
   94
   94
   84
   89
   94
   99
   94
   94
   94
   89
   94
   89
   79
   99
   84
   79
   84
   99
   84
   84
   89
   89
   79
   84
   89
   99
   84
   94
   94
   94
   94
   84
   89
   84
   99
   89
   89
   94
   94
   99
   79
   94
   89
   79
   79
   84
   84
   84
   99
   94
   89
   84
   79
   94
   94
   89
   94
   99
   89
   89
   84
   89
   79
   99
   84
   94
   89
   99
   94
   84
   79
   79
   89
   84
   89
   84
   94
   94
   79
   99
   84
   89
   94
   89
   79
   94
   99
   99
   89
   94
   89
   94
   84
   84
   84
   94
   94
   89
   89
   84
   79
   84
   89
   84
   89
   79
   79
   99
   94
   94
   89
   99
   99
   94
   94
   84
   99
   89
   94
   79
   84
   99
   94
   89
   84
   84
   89
   79
   89
   84
   84
  109
  114
  114
  124
  104
  114
  124
  104
  119
  119
  119
  114
  119
  109
  124
  119
  109
  119
  124
  104
  104
  109
  114
  124
  114
  109
  109
  114
  109
  114
  114
  109
  119
  114
  124
  119
  124
  114
  119
  109
  104
  119
  104
  124
  119
  109
  109
  109
  124
  119
  104
  119
  114
  114
  109
  114
  109
  114
  124
  109
  114
  119
  119
  104
  109
  119
  119
  114
  124
  104
  124
  109
  104
  109
  119
  109
  119
  124
  114
  114
  124
  104
  119
  114
  109
  114
  109
  114
  124
  119
  114
  119
  114
  109
  104
  119
  109
  104
  119
  124
  104
  104
  104
  104
  104
  104
  109
  109
  109
  109
  109
  109
  109
  109
  109
  109
  114
  114
  114
  114
  114
  114
  114
  114
  114
  114
  119
  119
  119
  119
  119
  119
  119
  119
  119
  119
  124
  124
  124
  124
  124
   27
   27
   27
   27
   27
   32
   32
   32
   32
   32
   32
   32
   32
   32
   32
   37
   37
   37
   37
   37
   37
   37
   37
   37
   37
   42
   42
   42
   42
   42
   42
   42
   42
   42
   42
   47
   47
   47
   47
   47
   27
   32
   32
   42
   27
   47
   37
   32
   47
   42
   37
   37
   32
   47
   37
   42
   37
   37
   32
   47
   42
   42
   37
   27
   42
   42
   32
   32
   27
   32
   27
   47
   32
   37
   47
   32
   42
   37
   37
   32
   42
   47
   27
   27
   42
   37
   62
   72
   62
   62
   67
   67
   62
   52
   67
   67
   57
   72
   57
   57
   67
   57
   67
   52
   52
   57
   57
   72
   62
   57
   67
   62
   72
   62
   72
   72
   52
   62
   67
   57
   67
   62
   67
   62
   72
   62
   67
   52
   62
   57
   57
   57
   52
   67
   57
   72
   67
   57
   52
   62
   67
   72
   62
   72
   52
   62
   62
   67
   57
   52
   72
   62
   67
   72
   62
   62
   57
   57
   67
   67
   57
   57
   57
   57
   62
   67
   52
   62
   72
   67
   72
   52
   67
   52
   72
   67
   62
   57
   67
   72
   72
   62
   57
   72
   57
   62
   67
   67
   62
   57
   67
   67
   57
   57
   57
   62
   52
   72
   62
   67
   57
   52
   52
   57
   72
   72
   62
   62
   67
   67
   67
   72
   62
   67
   67
   62
   57
   62
   67
   57
   57
   57
   52
   72
   67
   52
   67
   62
   57
   62
   67
   57
   52
   72
   62
   62
   72
   67
   52
   67
   72
   57
   62
   52
   62
   67
   52
   72
   57
   67
   67
   57
   57
   62
   67
   57
   57
   62
   67
   72
   72
   52
   62
   67
   62
   52
   72
   67
   52
   72
   62
   62
   52
   57
   92
   82
   82
   87
   92
   92
   82
   87
   92
   97
   82
   92
   82
   77
   87
   97
   77
   92
   97
   97
   92
   87
   82
   77
   77
   87
   82
   97
   82
   87
   92
   87
   82
   92
   82
   82
   87
   97
   97
   92
   92
   92
   77
   87
   92
   92
   77
   82
   87
   97
   97
   77
   87
   82
   82
   87
   82
   82
   97
   87
   97
   77
   82
   92
   87
   92
   92
   92
   87
   82
   97
   92
   87
   92
   82
   87
   77
   87
   77
   87
   82
   77
   82
   77
   92
   82
   97
   97
   82
   82
   87
   87
   92
   92
   82
   87
   92
   97
   92
   92
   92
   87
   92
   87
   77
   97
   82
   77
   82
   97
   82
   82
   87
   87
   77
   82
   87
   97
   82
   92
   92
   92
   92
   82
   87
   82
   97
   87
   87
   92
   92
   97
   77
   92
   87
   77
   77
   82
   82
   82
   97
   92
   87
   82
   77
   92
   92
   87
   92
   97
   87
   87
   82
   87
   77
   97
   82
   92
   87
   97
   92
   82
   77
   77
   87
   82
   87
   82
   92
   92
   77
   97
   82
   87
   92
   87
   77
   92
   97
   97
   87
   92
   87
   92
   82
   82
   82
   92
   92
   87
   87
   82
   77
   82
   87
   82
   87
   77
   77
   97
   92
   92
   87
   97
   97
   92
   92
   82
   97
   87
   92
   77
   82
   97
   92
   87
   82
   82
   87
   77
   87
   82
   82
  107
  112
  112
  122
  102
  112
  122
  102
  117
  117
  117
  112
  117
  107
  122
  117
  107
  117
  122
  102
  102
  107
  112
  122
  112
  107
  107
  112
  107
  112
  112
  107
  117
  112
  122
  117
  122
  112
  117
  107
  102
  117
  102
  122
  117
  107
  107
  107
  122
  117
  102
  117
  112
  112
  107
  112
  107
  112
  122
  107
  112
  117
  117
  102
  107
  117
  117
  112
  122
  102
  122
  107
  102
  107
  117
  107
  117
  122
  112
  112
  122
  102
  117
  112
  107
  112
  107
  112
  122
  117
  112
  117
  112
  107
  102
  117
  107
  102
  117
  122
  102
  102
  102
  102
  102
  102
  107
  107
  107
  107
  107
  107
  107
  107
  107
  107
  112
  112
  112
  112
  112
  112
  112
  112
  112
  112
  117
  117
  117
  117
  117
  117
  117
  117
  117
  117
  122
  122
  122
  122
  122
